, 'T3M03M02A' ,      0   ,    0   ,    0    ,   3     , '1-01'  ,   '5-00' ,    1580    ,    1    ,     3    ,      1
 , 'B2M06P05A' ,     0   ,    0   ,    0    ,   2     , '1-02'  ,   '5-01' ,    1700    ,    2    ,     3    ,      2
 , 'W1M03P09A' ,     0   ,    0   ,    0    ,   1     , '1-03'  ,   '5-02' ,    1700    ,    3    ,     3    ,      3
 , 'W1M05P08B' ,     0   ,    1   ,    0    ,   0     , '1-04'  ,   '5-03' ,    1700    ,    4    ,     3    ,      4
   , 'M2M6B' ,       0   ,    2   ,    0    ,   0     , '1-05'  ,   '5-04' ,    1720    ,    5    ,     4    ,      1
 , 'W1M08P08B' ,     0   ,    3   ,    0    ,   0     , '1-06'  ,   '5-05' ,    1500    ,    6    ,     4    ,      2
  , 'SA1919' ,       0   ,    4   ,    0    ,   0     , '1-07'  ,   '5-06' ,    1630    ,    7    ,     4    ,      3
 , 'B4P01M01A' ,     0   ,    5   ,    0    ,   0     , '1-08'  ,   '5-07' ,1600   ,  8    ,     4    ,      4
  , 'SA1966' ,       0   ,    6   ,    0    ,   0     , '1-09'  ,   '5-08' ,    1700    ,    9    ,     5    ,      1
   , '9011' ,        0   ,    7   ,    0    ,   1     , '1-10'  ,   '5-09' ,    1690    ,   10    ,     5    ,      2
 , 'W4P03P34A' ,     0   ,    7   ,    0    ,   2     , '1-11'  ,   '5-10' ,    1670    ,   11    ,     5    ,      3
   , '9007' ,        0   ,    7   ,    0    ,   3     , '1-12'  ,   '5-11' ,    1800    ,   12    ,     5    ,      4
 , 'W2M02P11A' ,     0   ,    1   ,    0    ,   1     , '2-01'  ,   '5-12' ,    1690    ,   13    ,     6    ,      1
 , 'W3M8P23A' ,      0   ,    2   ,    0    ,   1     , '2-02'  ,   '5-13' ,    1500    ,   14    ,     6    ,      2
 , 'B4P01M03B' ,     0   ,    2   ,    0    ,   2     , '2-03'  ,   '5-14' ,    1710    ,   15    ,     6    ,      3
   , '1610V' ,       0   ,    1   ,    0    ,   2     , '2-04'  ,   '5-15' ,    1650    ,   16    ,     6    ,      4
 , 'W2M05P12B' ,     0   ,    3   ,    0    ,   1     , '2-05'  ,   '6-00' ,    1700    ,   17    ,     8    ,      1
   , '1710V' ,       0   ,    4   ,    0    ,   1     , '2-06'  ,   '6-01' ,    1710    ,   18    ,     8    ,      2
 , 'T4P03M03B' ,     0   ,    4   ,    0    ,   2     , '2-07'  ,   '6-02' ,    1640    ,   19    ,     8    ,      3
 , 'B2M03P01B' ,     0   ,    3   ,    0    ,   2     , '2-08'  ,   '6-03' ,    1620    ,   20    ,     8    ,      4
 , 'W3M08P29A' ,     0   ,    5   ,    0    ,   1     , '2-09'  ,   '6-04' ,    1440    ,   21    ,     9    ,      1
  , 'SA1959' ,       0   ,    6   ,    0    ,   1     , '2-10'  ,   '6-05' ,    1810    ,   22    ,     9    ,      2
 , 'B2M06P02B' ,     0   ,    6   ,    0    ,   2     , '2-11'  ,   '6-06' ,    1550    ,   23    ,     9    ,      3
   , '1620V' ,       0   ,    5   ,    0    ,   2     , '2-12'  ,   '6-07' ,    1590    ,   24    ,     9    ,      4
  , 'SA2053' ,       0   ,    1   ,    0    ,   3     , '3-01'  ,   '6-08' ,    1670    ,   25    ,    10    ,      1
   , '9004' ,        0   ,    2   ,    0    ,   3     , '3-02'  ,   '6-09' ,    1610    ,   26    ,    10    ,      2
 , 'W1P05P03B' ,     0   ,    2   ,    0    ,   4     , '3-03'  ,   '6-10' ,    1820    ,   27    ,    10    ,      3
 , 'W4M02P34A' ,     0   ,    1   ,    0    ,   4     , '3-04'  ,   '6-11' ,    1560    ,   28    ,    10    ,      4
  , 'SA1983' ,       0   ,    3   ,    0    ,   3     , '3-05'  ,   '6-12' ,    1560    ,   29    ,    11    ,      1
  , 'SA2002' ,       0   ,    4   ,    0    ,   3     , '3-06'  ,   '6-13' ,    1500    ,   30    ,    11    ,      2
   , '9003' ,        0   ,    4   ,    0    ,   4     , '3-07'  ,   '6-14' ,    1690    ,   31    ,    11    ,      3
  , '140701' ,       0   ,    3   ,    0    ,   4     , '3-08'  ,   '6-15' ,    1600    ,   32    ,    11    ,      4
  , 'Q4AP3M4' ,      0   ,    5   ,    0    ,   3     , '3-09'  ,   '7-00' ,    1500    ,   33    ,    13    ,      1
  , '140721' ,       0   ,    6   ,    0    ,   3     , '3-10'  ,   '7-01' ,    1770    ,   34    ,    13    ,      2
 , 'B2M02P02B' ,     0   ,    6   ,    0    ,   4     , '3-11'  ,   '7-02' ,    1580    ,   35    ,    13    ,      3
 , 'W3P03P23A' ,     0   ,    5   ,    0    ,   4     , '3-12'  ,   '7-03' ,    1400    ,   36    ,    13    ,      4
 , 'B4P02M06B' ,     0   ,    1   ,    0    ,   5     , '4-01'  ,   '7-04' ,    1830    ,   37    ,    14    ,      1
   , '9005' ,        0   ,    2   ,    0    ,   5     , '4-02'  ,   '7-05' ,    1550    ,   38    ,    14    ,      2
 , 'W3M07P25B' ,     0   ,    2   ,    0    ,   6     , '4-03'  ,   '7-06' ,    1690   ,    39    ,    14    ,      3
 , 'W2M04P12A' ,     0   ,    1   ,    0    ,   6     , '4-04'  ,   '7-07' ,    1770   ,    40    ,    14    ,      4
 , 'B2M01P04B' ,     0   ,    3   ,    0    ,   5     , '4-05'  ,   '7-08' ,1600   , 41    ,    15    ,      1
 , 'B4P02M01A' ,     0   ,    4   ,    0    ,   5     , '4-06'  ,   '7-09' ,    1600   ,    42    ,    15    ,      2
 , 'W3M07P24B' ,     0   ,    4   ,    0    ,   6     , '4-07'  ,   '7-10' ,    1680    ,   43    ,    15    ,      3
  , '140804' ,       0   ,    3   ,    0    ,   6     , '4-08'  ,   '7-11' ,    1600    ,   44    ,    15    ,      4
 , 'B2M05P04A' ,     0   ,    5   ,    0    ,   5     , '4-09'  ,   '7-12' ,    1670    ,   45    ,    16    ,      1
 , 'B1P06P04A' ,     0   ,    6   ,    0    ,   5     , '4-10'  ,   '7-13' ,    1600    ,   46    ,    16    ,      2
 , 'W2M02P15B' ,     0   ,    6   ,    0    ,   6     , '4-11'  ,   '7-14' ,    1690    ,   47    ,    16    ,      3
   , '1740V' ,       0   ,    5   ,    0    ,   6     , '4-12'  ,   '7-15' ,    1650    ,   48    ,    16    ,      4
 , 'W4P01P34B' ,     0   ,    0   ,    0    ,   4     , '5-01'  ,   '8-00' ,    1950    ,   49    ,    18    ,      1
  , 'SA1884' ,       0   ,    0   ,    0    ,   5     , '5-02'  ,   '8-01' ,    1750    ,   50    ,    18    ,      2
   , '9008' ,        0   ,    0   ,    0    ,   6     , '5-03'  ,   '8-02' ,    1670    ,   51    ,    18    ,      3
 , 'W3M02P22B' ,     0   ,    1   ,    0    ,   7     , '5-04'  ,   '8-03' ,    1720    ,   52    ,    18    ,      4
 , 'W4M01P34A' ,     0   ,    2   ,    0    ,   7     , '5-05'  ,   '8-04' ,    1510    ,   53    ,    19    ,      1
 , 'W4P05P33B' ,     0   ,    3   ,    0    ,   7     , '5-06'  ,   '8-05' ,    1570    ,   54    ,    19    ,      2
  , 'SA1622' ,       0   ,    4   ,    0    ,   7     , '5-07'  ,   '8-06' ,    1800    ,   55    ,    19    ,      3
 , 'W4M03P36B' ,     0   ,    5   ,    0    ,   7     , '5-08'  ,   '8-07' ,    1700    ,   56    ,    19    ,      4
   , '1773V' ,       0   ,    6   ,    0    ,   7     , '5-09'  ,   '8-08' ,    1710    ,   57    ,    20    ,      1
 , 'B2M01P05B' ,     0   ,    7   ,    0    ,   6     , '5-10'  ,   '8-09' ,    1700    ,   58    ,    20    ,      2
 , 'B4P02M02A' ,     0   ,    7   ,    0    ,   5     , '5-11'  ,   '8-10' ,1600  ,  59    ,    20    ,      3
 , 'B2M02P01B' ,     0   ,    7   ,    0    ,   4     , '5-12'  ,   '8-11' ,    1600    ,   60    ,    20    ,      4